1 3.90999e-05 1 1
3 0.0007145 1094.36 364.785
3 0.0005974 1308.87 436.289
3 0.0006626 1180.07 393.358
3 0.0006441 1213.97 404.656
3 0.0006084 1285.2 428.401
3 0.000634 1233.31 411.102
3 0.0006386 1224.42 408.141
3 0.000594 1316.36 438.786
3 0.000648 1206.66 402.221
3 0.0006794 1150.89 383.631
3 0.0006793 1151.06 383.688
3 0.0006739 1160.29 386.762
3 0.0006173 1266.67 422.224
3 0.0006229 1255.29 418.428
3 0.0006223 1256.5 418.832
3 0.0006269 1247.28 415.758
3 0.0006648 1176.17 392.056
3 0.0005971 1309.52 436.508
3 0.000595 1314.15 438.049
3 0.0005856 1335.24 445.08
3 0.0006272 1246.68 415.56
3 0.0006397 1222.32 407.439
3 0.0006022 1298.43 432.811
3 0.0006063 1289.65 429.885
3 0.0006597 1185.26 395.087
3 0.0006009 1301.24 433.748
3 0.0006193 1262.58 420.861
3 0.0007152 1093.28 364.428
3 0.0006611 1182.75 394.251
